2473460933
884083335
858917878
2475560440
907677191
905056673
858920165
913185850
907812700
905062817
2475436944
913199108
854481795
907697067
913202280
903241213
905080025
2477813704
2468377751
854488968
905083535
905739205
906399855
854366288
903257211
907715918
2473460933
884083335
858917878
2461843470
2477834988
903791843
907725139
903272281
905762742
2461849831
906418513
887545727
2468405644
903799813
2470372941
2462247912
905115060
868679433
907739332
2477851611
905119957
854403030
908536873
2465937858
2465938888
2475507300
2475513846
887580452
854425063
2471332081
225282830
2475527396
903320434
2476709638
2476711647
905028509
240626822
903327959
2475538141
2476718398
2476988589
2475549073
222683917
908322289
2456807190
222684951
2476992347
2463624846
4723055942
4723974902
684729948
4732758656
225850738
4724111575
225852259
684606337
4733030616
4732900206
4722938738
236868478
684876100
4732906657
684879524
4723864809
4723734507
4721774960
684890092
225875998
4723613005
225746518
225877717
684629754
225879237
225748664
236890067
4723750245
4721654204
684770238
225889841
686347684
4723103834
686352107
225896757
4732939079
684912653
684660734
4724041231
684926608
684664472
4732954330
225915307
225918241
684944517
4723667328
227375179
227376234
684948756
684822467
4723020166
4732852776
225945937
225947592
236696649
4721719005
684706534
4724086098
684711424
684982242
